71499584
71697090
71659715
71668483
71557386
71671124
71659922
71597213
71602207
69747955
71677470
71103836
71671459
71658146
70017028
68461624
71652584
71622187
71659370
71674548
69115625
70168146
71682491
71610747
71646842
71670341
71635556
71647873
71662691
71692643
71624771
71669804
71668175
71673294
71665134
71648174
71592264
71670123
71659509
71672438
71673040
71598131
71661788
71670366
71607672
71648216
71663291
71696839
71663556
71699522
71662797
71662924
71676495
71678921
71661896
71702600
71664203
71662410
71651157
71660244
71705941
71676113
71661392
71680095
71650911
71699803
71702617
71662565
71677165
71668333
71684845
71639915
71662186
71696247
71675126
71624816
71692529
71675646
71662462
71669754
71673476
71693318
71666689
71637121
71650817
71661696
71709955
71663618
71695117
71673865
71666699
71662730
71665686
71630224
71690641
71665680
71659152
71692178
71696541
71675161
71704090
71680536
71663384
71651611
71661978
71699225
71676709
71621413
71674017
71708066
71668000
71650720
70709968
71668515
71661475
71685282
71695532
71660844
71662380
71660846
71686324
71660980
71704500
71665841
71679793
71686576
71700912
71659453
65702291
71663672
71714086
71668421
71682532
71713987
71695008
71679648
71687554
71667597
71675599
71695336
71705078
71712372
71712821
71708210
71699955
71704976
71695741
71669182
71651966
71682073
71646715
71698151
71650855
71698146
71660416
71688002
71644463
71687528
71679147
71715380
71715185
71702385
71712383
71713948
71663487
71693406
71698618
71678521
71711003
71669048
71677464
71714587
71714648
71698062
71676047
71715403
71722889
71699862
71717079
71713365
71710613
71718418
71691730
71715038
71715294
71721436
71719962
71696806
71714978
71719203
71716587
71710699
71701419
71688555
71692977
71720563
71709744
71723516
71712957
71719419
71715259
71742278
71731431
71702565
71735904
71735982
71732174
71734541
71713485
71737547
71734679
71735988
71743699
71739536
71719441
71738270
71708191
71736541
71691582
71722874
71721563
71703224
71733241
71723398
71747911
71719618
71742339
71702922
71529359
71747592
71747798
71731987
71693264
71712528
71750620
71732504
71722532
71742309
71735077
71748706
71748642
71744814
71737071
71747561
71747126
71744116
71738418
71742323
71740230
71721383
71724548
71743204
71738021
71742464
71747072
71746209
71733134
71733839
71741388
71692936
71737003
71717463
71749204
71717173
71752469
71687889
71733502
71737598
71721466
71745926
71756358
71732805
71633152
71733248
71742465
71742062
71742284
71737453
71759245
71751946
71681993
71690568
71737161
71722770
71720912
70862318
71738097
71760446
71757148
71738940
71578458
71746488
71759623
71746820
71756805
71748802
71759106
71760046
71736461
71764716
71733386
71734410
71747115
71734123
71745865
71741321
71742229
71663120
71713840
71732528
71734719
71756925
71735037
71753434
71757413
71774724
71747136
71677485
71698124
71771115
71725899
71734059
71760584
71643979
71747894
71717302
71752180
71770005
71764692
71767794
71769520
71738399
71768574
71721884
71760605
71719837
71771258
71761991
71769927
71749127
71721102
71694414
71772874
71740872
71752713
71737289
71765459
71720861
71760026
71736666
71733144
71751846
71751078
71773860
71727909
71767330
71757102
71732652
71766902
71719735
71745853
71770693
71783236
71744707
71734595
71768770
71771214
71784910
71734603
71767498
71778954
71768534
71767697
71776287
71777631
71782493
71768218
71732966
71775521
71776864
71785184
71767788
71760114
71771442
71765886
71748349
71738106
71721658
71751546
71787654
71783172
71785347
71761219
71787074
71734083
71788417
71759681
71756495
71789196
71772363
71766359
71704535
71766098
71714527
71780190
71786010
71774042
71788889
71778021
71751536
71780208
71777790
71787837
71789180
71790203
71785528
71779398
71771812
71787663
71786255
71795246
71746679
71766454
71790198
71789141
71756756
71791985
71788607
71797343
71795774
71784158
71607327
71750200
71767256
71734617
71775864
71773976
71640326
71809475
71789185
71811648
71805646
71792077
71798164
71812052
71809106
71809488
71795677
71794075
71745497
71789987
71800674
71795681
71758761
71813239
71783991
71796789
71766005
71756597
71640179
71808433
71808881
71789949
71811781
71808641
71722382
71817102
71818058
71816009
71799892
71817808
71817437
71819421
71806812
71794840
71778663
71807974
71812006
71811810
71819872
71820399
71797930
71795689
71807336
71816436
71827390
71825017
71808697
71821496
71824423
71801703
71809542
71811941
71827659
71817476
71783650
71805998
71747404
71823244
71807881
71809320
71821238
71821812
71732336
71807185
71821529
71811417
71795800
71805240
71817176
71809158
71803622
71824611
71827266
71810127
71811631
71809709
71827245
71826473
71816566
71811926
71835290
71829852
71795347
71832285
71808818
71835985
71826334
71794333
71807132
71835539
71828872
71780931
71814851
71829273
71825681
71832402
71827604
71827419
71802458
71776026
71822808
71819363
71810595
71808301
71811433
71698728
71807286
71849658
71818933
71804018
71797105
71811580
71826874
71814586
71828714
71805251
71809442
71761217
71829091
71816776
71813431
71857720
71817398
71699378
71821458
71821042
71805553
71809809
71828560
71812383
71808509
71784890
71852917
71810169
71836374
71823289
71797510
71821124
71813314
71808386
71812745
71811412
71816082
71810385
71796752
71851743
71828817
71830615
71848872
71801186
71828966
71834342
71817001
71796213
71702769
71821309
71863347
71816314
71826104
71813112
71809573
71764546
71817697
71851854
71856431
71828865
71809484
71795176
71857816
71809558
71795957
71855514
71835707
71792594
71857343
71812479
71806525
71795517
71864242
70402798
71832118
71833430
71821816
71863113
71855819
71836108
71841038
71855552
71850688
71803150
71829188
71827672
71855450
71844252
71863955
71808550
71863977
71811439
71840740
71742952
71856379
71813234
71858032
71810879
71822717
71834037
71841335
71887496
71888073
71870029
71870080
71888065
71815752
71889055
71008236
71883600
71887249
71867666
71890259
71807899
71874657
71773166
71853218
71885219
71885030
71871975
71755318
71861949
71888190
71883506
71842548
71878327
71900329
71887112
71901993
71868651
70533713
71875309
71901410
71887047
71908486
71894182
71886215
71907867
71896636
71896991
71897425
71901712
71900816
71889011
71875669
71887509
71875479
71886920
71819239
71913547
71888074
71911756
71821709
71908674
71902946
71906501
71914053
71902117
71891013
71884966
71901784
71832217
71610870
71899834
71908656
71894135
71919223
71895446
71908425
71916937
71906570
71890379
71908705
71908321
71878180
71874821
71923047
71869914
71874652
71920381
71916927
71874847
71848979
71886547
71834515
71919700
71874998
71907734
71904822
71935721
71912393
71916616
71935595
71772132
71936300
71918895
71931744
71896163
71871928
71927194
71936381
71867519
71925534
71921907
71877811
71935378
71877491
71926805
71565181
71937398
71938025
71924168
71940808
71917611
71913803
71944429
71903468
71874030
71913359
71922894
71900800
71936994
71900423
71929287
71903641
71879484
71907442
71943218
71906802
71788188
71918868
71884183
71953995
71930412
71897982
71957012
71959656
71946829
71940940
71960890
71942868
71960996
71945530
71946883
71959948
71713555
71954713
71953503
71956713
71932689
71946071
71767613
71953504
71936825
71928946
71930163
71958774
71958631
71958652
71932643
71936049
71939894
71944619
71954949
71960467
71850675
71946976
71873910
71961179
71947130
71959705
71952888
71932479
71958619
71959104
71954322
71959318
71957348
71956720
71961067
71945735
71965626
71960170
71958033
71945200
71964227
71965488
71965247
71962158
71960542
71956418
71971142
71956449
71960659
71935229
71971313
71958047
71958289
71970488
71966514
71921849
71960033
71961263
71961890
71964262
71959154
71874267
71945772
71961578
71965563
71963577
71873668
71963576
71979946
71975440
71979069
71957333
71971986
71955853
71974854
71969848
71985051
71977210
71903622
71983938
71936007
71972328
71970105
71975930
71932067
71969816
71957065
71960347
71969675
71799279
71958090
71945367
71981604
71931845
71979981
71989494
71989453
71942605
71965583
71985831
71959806
71946571
71843054
71898887
71958938
71955607
71958455
71957683
71959642
71956633
71955885
71970026
71884759
71991567
71938289
71963771
71959068
71987600
71981422
71972284
71955945
71974542
71996242
71955804
71973228
71998656
71974863
71997947
71991610
71953521
71974975
70478777
71987383
71944816
71960062
71963758
71981135
71999261
71981111
71949335
71947136
71988317
71999213
71984836
71961939
71974613
71992860
71990853
71992932
71959595
71989991
71981199
72003415
71999093
71997660
71946052
72000125
71954857
71986905
71964959
71987181
71991764
71999405
71986393
71962061
71940978
72003108
72003449
72004624
71981745
72007986
72006984
71970097
72004564
72006661
71996963
72011753
71998106
71990321
71974576
71990029
71993425
71964003
71987038
72009281
71953391
71981520
71940163
71980158
71969338
72006669
72007648
71947483
72003257
72005757
72008406
71975793
72007504
71974681
71996934
71978933
71992732
71979844
71998417
72015258
71963322
71971967
71963704
71991808
71989629
71963763
72004316
72000052
72001385
71994489
72043085
72017017
72008909
72033540
71924378
72035162
72018141
72031724
72027389
71815342
72007237
72032117
72034655
71966064
72010687
72016505
72015636
72015269
71960286
72030220
72018693
72031854
72031831
72005981
72027215
72040691
72044096
72045221
72031836
72016842
72017697
72044104
72047130
72032834
72028675
71993583
72033248
72031928
72032818
72044880
72035330
72017821
71986251
72016696
72016994
72036501
72036382
71816066
71926898
72029766
72046951
72029034
72047610
72047775
72048676
72044440
72028021
72035384
72037211
72018539
72017813
72042587
71915436
72016048
71936060
72016687
72036447
72032097
72050085
72012709
72028203
72029658
72021063
72046290
72056205
72028337
72045652
72044086
72018937
70580558
72042281
72039225
72016359
72014650
72055282
72042665
72054553
72056257
72057077
72049907
72050223
72049454
72031239
72008777
72056128
72056019
72033753
72030542
72050555
71526223
72050823
72047792
72061671
72055192
72017922
71986075
72042786
72046800
72034422
72051191
72017211
72056747
72050473
72018291
72042352
72042287
72064013
72062030
72048079
72040544
72019529
72017879
72063752
72060796
72060642
72016653
72046535
72057092
72031683
72060128
72063428
71961820
71985645
72068170
72076623
72074722
72052404
72073181
72051512
72074779
72006384
71866842
72068992
72066793
72066078
72060276
72050709
72012643
72070018
72045689
72036205
72054583
72075072
72075075
72075045
72056759
72076753
72074268
72056816
72076765
72059913
72078408
72055853
72078989
72075724
72075209
72045115
72074805
72065385
72047917
72063469
72063897
72072406
72060203
72058533
72062636
72015891
72050096
72081717
72083459
72057689
72068140
72075812
72084724
72076307
72085935
72086822
72081055
72086132
72093519
72067947
72016862
72084090
72075101
72055099
72027566
72006527
72084739
72075468
72093394
72081645
72078979
72086417
72085009
72084415
72085724
72080774
72085865
72093925
72064322
72084381
72079292
72047789
72075693
72104995
72089473
72105069
72084256
72084432
72104427
72101632
72086443
72092636
72093518
72085042
72093916
72104616
72060696
72090734
72090823
72085081
72094313
72093456
72098524
72093233
72094251
72084706
72107410
72105633
72105896
72102167
72100224
72102524
72093957
72093437
72110517
72097799
72095453
72103381
72107780
72108852
72099132
72093173
72102230
72107889
72084460
72104906
71960721
72093500
72096411
72106186
72110993
72104293
72106393
72114827
72106310
72106447
72086405
72109547
72107934
72113062
72082071
72114055
72113133
72097106
72092384
72113323
72113863
72029508
72114238
72097754
72095872
72110059
72116319
72081579
72109255
72107921
72084448
72090827
72084311
72084595
72084288
72094848
72104816
72103328
72085680
72118075
72110429
72114155
72112748
72115730
72077431
72112208
72097127
72108245
72113548
72116609
72097283
72122605
72122946
72122714
72085347
72106004
72103854
72121369
72120566
72087378
72126537
72092822
72121784
72120344
72085074
72094147
72116774
72116458
72111987
72110226
72092092
72109362
72128154
72105222
72127287
72131330
72084967
72107514
72103584
72119261
72122899
72123422
72123114
72123296
72116265
72094356
72125099
72095677
72114960
72110725
72114512
72126392
72113689
72117917
72134373
72132631
72129168
72082224
72105598
72119142
72130825
72140183
72125400
72115582
72093217
72115302
72119804
72116612
72110115
72132207
72132620
72105420
72107222
72140862
72103921
72128229
72121129
72141184
72130935
72116762
72110328
72132912
72133373
72134573
72139720
72135970
72112087
72123929
72127751
72052816
72142015
72106962
72109949
72120753
72122614
72126424
72117078
72133905
72143650
72130366
72130018
72098775
72116658
72160467
72107021
72117948
72131277
72127231
72128023
72139099
72158285
72127900
72123667
72148629
72143256
71938153
72147573
72116466
72147460
72160370
72118327
72148330
72133717
72159808
72157211
72163953
72161931
72158238
72162015
72148907
72145876
72144989
72147645
72146474
72147799
71919414
72166190
72171149
72132446
72162262
72148297
72164022
72171976
72166342
72164241
72145052
72161952
72158323
72175281
72164842
72165457
72157170
72169100
72175653
72148444
72170223
72070775
72159847
72163186
72159846
72157427
72075782
72160171
72158793
71741903
72159867
72163863
72166956
72163707
72159242
72169596
72144450
72164003
72170837
72164140
72149580
72189605
72164669
72184954
72181445
72167812
72148624
72167783
72174468
72185490
72189731
72187151
72190429
72184669
72188229
72210088
72180107
72160756
72177111
72009075
72193892
72176537
72206823
72166862
72205052
72193535
72131587
72207595
72188418
71760551
72209240
72183768
72217945
72160800
72174130
72166749
72211684
72203781
72201082
72173434
72147197
72204631
72183130
71812130
72205829
72218186
72169109
71796049
72186071
72199816
72168941
72171786
72170696
72187840
72161072
72213044
72181129
72178753
72182613
72213722
72175480
72161913
72194681
72174789
72188160
72175239
72150215
72193465
72203084
72172002
72211417
72180281
72206232
72172529
72185296
72187339
71844324
72185433
72162974
72184740
72211493
57039668
72185795
72199162
72190228
72184867
72212985
72164081
72206624
72208889
72172499
71660367
72204840
72183961
72178095
72162101
72162740
72158160
72177444
72190532
72194460
72170370
72168971
72150950
72204271
72176743
72206173
72208353
72203464
72158797
72184127
72142809
71765135
72183956
72128009
72178266
72207259
72175306
72206843
72211348
72179747
72148874
72189663
72164263
72186152
72202906
72212195
72175181
72188119
72209691
72178665
72173472
72183815
72192392
72086049
72212585
72213773
72167076
72179913
72203149
72202787
72207189
72191946
72185066
72200441
72221410
72223847
72240384
72190813
72180135
72226639
72214437
72219922
72231601
72211618
72174104
72226844
72239491
72200010
72212283
72222965
72202758
72244273
72189919
72196267
72234805
72226370
72213647
72240508
72223960
72225202
72228732
72220530
72224513
72226830
72202540
72200541
72238021
72244720
72243694
72239894
72241491
72237016
72237336
72217526
72226142
72247668
72245723
72243466
72237083
72237541
72229718
72237600
72240091
72247909
72238516
72239802
72173104
72255152
72245730
72236290
72221288
72245119
72240087
72255617
72233751
72258803
72257933
72217721
72239636
72227991
72250194
72259739
72227431
72254670
72248531
72226208
72205864
72240173
72252952
72255630
72258589
72258884
72240527
72229705
72243537
72249998
72240401
72227348
72237163
72261232
72259353
72225716
72253992
72225594
72257248
72235318
72259938
72234618
72225045
72258401
72255265
72226161
72245074
72246285
72253290
72244848
72226615
72249962
72247488
72260931
72246777
72243005
72264175
72261252
72256916
72259620
72270542
72103557
72238539
72270863
72254228
72225041
72237407
72253421
72251398
72246162
72228085
72261289
72245157
72224404
72243129
72240457
72261127
72242047
72269921
72237053
72250935
72267883
72235020
72225904
71907955
72273149
72210482
72235327
72236914
72261428
72260537
72259509
71989585
72249686
72261058
72258096
72267822
72263239
72248757
72264378
72241394
72263520
72262594
72236065
72237423
72277879
72271134
72277646
72212215
72272755
72250127
72274944
72251023
72259939
72246264
72244619
72244889
72278470
72241147
72267989
72267736
72245998
72272915
72237750
72275029
72278912
72240191
72271742
72259524
72237547
72259736
72239808
72280036
72227212
72278792
72279971
72254881
72282277
72227349
72249675
72247016
72262208
72249569
72159036
72284221
72274005
72276424
72274226
72279912
72273612
72216403
72258853
72264926
72278754
72209906
72240305
72285752
72249821
72249348
72285667
72247554
72253380
72283737
72236090
72283824
72268534
72244424
72290665
72292133
72285781
72285222
72289059
72285465
72274028
72273712
72267091
72275813
72277783
72260925
72276240
72226067
72273272
72261737
72271360
72274189
72225501
72281208
72225555
72284265
72273740
72269482
72271248
72283669
72298037
72296990
72190669
72290511
72240232
72268086
72241181
72254736
72278527
72277979
72258720
72270493
72253494
71854911
72296366
72261786
72298300
72295393
72242107
72243831
72304778
72260392
72303268
72273927
72297535
72275197
72260401
72267930
72297921
72297426
72300249
72295402
72302547
72290274
72290594
72299029
72275357
72299208
72294419
72303450
72294759
72297590
72279722
72284402
72224793
72287936
72290157
72216275
72267688
72302449
72284352
72294123
72288280
72010568
72272852
72236966
72288570
72296717
72277594
72280067
72299444
72275232
72256196
72279121
72226366
72280626
72280843
72305614
72294119
72303025
72303097
72321787
72309676
72306236
72311759
72306741
72270697
72302232
72307266
72315369
72317515
72314666
72316698
72263925
72315896
72319429
72299259
72300847
72314397
72316531
72285271
72244245
72328285
72323599
72187706
72321395
72277627
72318726
71747044
72317230
72330598
72316222
72317574
72186327
72326950
72321163
72332239
72328994
72307450
72316635
72317964
72317507
72316878
72318279
72330101
72331175
72314871
72321292
72303004
72328601
72328705
72307106
72308677
72307289
72311989
72325251
72321210
72306452
72333482
72315455
72283520
72318648
72335922
72319710
72333967
72277557
72321783
72308463
72334822
72319005
72319600
72336345
72333234
72333694
72242455
72300143
72297105
72320224
72306398
72328463
72326350
72322794
72257538
72328487
72314621
72337255
72338249
72306392
72249795
72266715
72316473
72245220
72334049
72287547
72335123
72285979
72318083
72306937
72347123
72191505
72332129
72307108
72349924
72328148
72303241
72342988
72339744
72305381
72330730
72330198
72306629
72342122
72320214
72342366
72340215
72328591
72298346
72314174
72274070
72320907
72334221
72350135
72352456
72319053
72306216
72330489
72332305
72333734
72303240
72344952
72348170
72355156
72319156
72187770
72336135
72339090
72329569
72330558
72344764
72323325
72343996
72320594
72320822
72310137
72245396
72340519
72354813
72355635
72187677
72307059
72352619
72327197
72184406
72172480
72343299
72333261
72314659
72340506
72315437
72356444
72286776
72353122
72354486
72353460
72355578
72355511
72352135
72345361
72349751
72326139
72317173
72334933
72323401
72360689
62903814
72319908
72329237
72338016
72336684
72315535
72357083
72348807
72352160
72358117
72332433
72330485
72359742
72334254
72355768
72332447
72352218
72328027
72345620
72338038
72307360
72358244
72342847
72365608
72317873
72339500
72347757
72364376
72344287
72320967
72175566
71854790
72288447
72334104
71831339
72339310
72335313
72335850
72354937
72369731
72348977
72369877
71863316
72366657
72342105
72335261
71943054
72339463
72358102
72336698
72372773
72258491
72334134
72365261
72348803
72329263
72369624
71769384
72309277
72334044
72318773
72356158
72355740
72334943
71942454
72304913
72332502
72347304
72306973
72346811
72340497
72379266
72343719
72375129
72359336
72373541
72352005
72376993
72368331
72355838
72364052
72270165
72350529
72348886
72336286
72365911
72363714
72298441
72355148
72356314
72350531
72331649
72351700
72352910
72367290
72370461
72361938
72309049
72360400
72349810
72367611
72360430
72338589
72364965
72359370
72382011
72343615
72356794
72354021
72317450
72359686
72350662
72355642
72396410
72361624
72384671
72384651
72280212
72378195
72393533
72353373
72317575
72228107
72375029
72329504
72395234
72353739
72394143
72332757
72362527
72360328
72343057
72389214
72383370
72395788
72395326
72314691
72339099
72393922
72394459
72335310
72358478
72398872
72393084
72399203
72399862
72398357
72398054
72410144
72383756
72258977
72391538
72396027
72407570
72398525
72409110
72405074
72400091
72297207
72394062
72333404
72381389
72407847
72402734
72380681
72395522
72409341
72408166
72398633
72395883
72402165
72398133
72396474
72406889
72401908
72414200
72403216
72402227
72400814
72419367
72382230
72394802
72398746
72335168
72408056
72398864
72397196
72399011
72396288
72408897
72406437
72404379
72382515
72393628
72424723
72394937
72417138
72404291
72393227
72398795
72354954
72412257
72411540
72402484
72406861
72406802
72423709
72415056
72411384
72408637
72384268
72414690
72423128
72428769
72382045
72429724
72401894
72426641
72420381
72405062
72432343
72398465
72399840
72349871
72404662
72407964
72433610
72434347
72403379
72395281
72434330
72424118
72426834
72282533
72416146
72423841
72423185
72430779
69814708
72357442
72410569
72400081
72402590
72433029
72375471
72398079
72377819
72435482
72324380
72406029
72404467
72381078
72410251
72435574
72402723
72426808
72423748
72434592
72436351
72424513
72420885
72416666
72440221
72430316
72433709
72440626
72409981
72410264
72383925
72434259
72415940
72415586
72450124
72425309
72438185
72441163
72418792
72418145
72389556
72383794
72426558
72441203
72429579
72428840
72416505
72440880
72429222
72445064
72450060
72405872
72404069
72452741
72454601
72403434
72398091
72450065
72450537
72416062
72428837
72441793
72428339
72371601
72393812
72327985
72458810
72396684
72412432
72436484
72445517
72451565
72405746
72436300
72423649
72444929
72422913
72382116
72364404
72450869
72416364
72453579
72395780
72432279
72408864
72454226
72408527
72438490
72451406
72450995
72409090
72425325
72426130
72429292
72438787
72433413
72412099
72407407
72321982
72383802
72456374
72406619
72428926
72440193
72396315
72416866
72463505
72464979
72452481
72460587
72455756
72398398
72437552
72435292
72439588
72452693
72438561
72463929
72382350
72445641
72364634
72426129
72442578
72441423
72449835
72428434
72461266
72392541
72425493
72480550
72484995
72434777
72479465
72454222
72479324
72468992
72479418
72471516
72481070
72416878
72467885
72467002
72460572
72482521
72399235
72484624
72244895
72436687
72490526
72482209
72446968
72428529
72447323
72488013
72480598
72444097
72453030
72485107
72482555
72479287
72481844
72493523
72454738
72471851
72467888
72469646
72488463
72483053
72483970
72466915
72452994
72482804
72470041
72403864
72490784
72469737
72483780
72486676
72462064
72489960
72468884
72484897
72489824
72493804
72479467
72392968
72500055
72463184
72444223
72474725
72500173
72463322
72500658
72483132
72483993
72480262
72499560
72457129
72470180
72492449
72460859
72497960
72469310
72500340
72508248
72506462
72483760
72503259
72501631
72434752
72512590
72482836
72494631
72502530
72452614
72506792
70890415
72508917
72502318
72520860
72483012
72502775
72509789
70881970
72517138
72511011
72510189
72513814
72516788
72495534
72498826
72502285
72501394
72483461
72487584
72504303
72501710
72523628
72519444
72518955
72518716
72508292
72513723
72500770
72508238
72506852
72479419
72488565
72518692
72484263
72518842
72516069
72491316
72512701
72518506
72505016
72469497
72416484
72512914
72502547
72500624
72509974
72469798
72521305
72509063
72477461
72289257
72479823
72517807
72513846
72523097
72522885
72509008
72483432
72504636
72507504
72528804
72523658
72482960
72482763
72468819
72512500
72510068
72292679
72522190
72467374
72495775
72493089
72524593
72522771
72508640
72488575
72523369
72527844
72488596
72526238
72482036
72519515
72509492
72512772
72480952
72514178
72513896
72496675
72512723
72469058
72528287
72528953
72524025
72467724
72480437
72528306
72503628
72468236
72507506
72524448
72468235
72469059
72515179
72467936
72490489
72517817
72522072
72522071
72504885
72529811
72503691
72523142
72489182
72500161
72527796
72528957
72482083
72522850
72523564
72488447
72488996
72464453
72447265
72525829
72537485
72536682
72539584
72462826
72537115
72536532
72406624
72536745
72492312
72517877
72536108
72497931
72513728
72469790
72469394
72507046
72519177
72480512
72526589
72468489
72525925
72532072
72541355
72500609
72512193
72537324
72491878
72531605
72515832
72536902
72526132
72495335
72526233
72504638
72542904
72504879
72518220
72525556
72538271
72509744
72485277
72537470
72525923
72547935
72562396
72560332
72478534
72490531
72548690
72533017
72519088
72559588
72522464
72547509
72541505
72549909
72540075
72536232
72545441
72512226
72546970
72547784
72531714
72556549
72513409
72532890
72506969
72563745
72559058
72520575
72560514
72543812
70811217
72538590
72566579
72568374
72536688
72547178
72568372
72569285
72559917
72496500
72547591
72548430
72510604
72559823
72562888
72570702
72568009
72562364
72570106
72547348
72561433
72399492
72398283
72558407
72492792
72528375
72573761
72560754
72544784
72569426
72582364
72557129
72528089
72554217
72574300
72563018
72558554
72571153
72569718
72563035
72560065
72563550
72574029
72547365
72412150
72566045
72557878
72577301
72574212
72558500
72575722
72572431
72559671
72563882
72568871
72569286
72572937
72573251
72559527
72578026
72578580
72469444
72548938
72567811
72576669
72536518
72584153
72583638
72573387
72497815
72548960
72583437
72574951
72580544
72553170
72549318
72557151
72591973
72589511
72570943
72584050
72562113
72571821
72574337
72575536
72588153
72587583
72584241
72584175
72577641
72572172
72578248
72559657
72584710
72549236
72586767
72549956
72578590
72590880
72577099
72561261
72570258
72587951
72563102
72560013
72536642
72588745
72568354
72547071
72583844
72595367
72583948
72573272
72570800
72591922
72588559
72586755
72548180
72537107
72599055
72573342
72584968
72586922
72562535
72571025
72595036
72587713
72578472
72547429
72603424
72569628
72587393
72571888
72604536
72588423
72560584
72595105
72602779
72534682
72592217
72594821
72602174
72568442
72586672
72577068
72547281
72578721
72577853
72562649
72596593
72560418
72573949
72595756
72601085
72584123
72588283
72604214
72603554
72606821
72590949
72583449
72576246
72584965
72602161
72594167
72595411
72557783
72599359
72596396
72587828
72592352
72591581
72622011
72620385
72514482
72604503
72612718
72604276
72620599
72621754
72602264
72585345
72606265
72567145
72629119
72597571
72614658
72612264
72607177
72619413
72619665
72614176
72626270
72612534
72612136
72618095
72630745
72623052
72637085
72622019
72629500
72620304
72620722
72173063
72637274
72619226
71913638
72619824
72636007
72615322
72613651
72617423
72638834
72619458
72618788
72617347
72623882
72620141
72612608
72624030
72642441
72622843
72622554
72637874
72620728
72632340
72528562
72642329
72632082
72623928
72628450
72636199
72632776
72636869
72618665
72635737
72614520
72644295
72648872
72646631
72610439
72643541
72644911
72645449
72638534
72613633
72638079
72636616
72633945
72636996
72634557
72644160
72633605
72641173
72644189
72645898
72645258
72536678
72628335
72647138
72642920
72646689
72637334
72540728
72594781
72649697
72650750
72643375
72650660
72591106
72604067
72647804
72641860
72622742
72656082
72620134
72648207
72646557
72622488
72618835
72636774
72646949
72424142
72613581
72614022
72649097
72635699
72645196
72621990
72661715
72645565
72663318
72628984
72623522
72640731
72635870
72637795
72634591
72613625
72623838
72543938
72614240
72642908
72654458
72656803
72484587
72633402
72631225
72637899
72619865
72668263
72482777
72666267
72647801
72658522
72631660
72576445
72632217
72612447
72651614
72659959
72647037
72460499
72647995
72635827
72639494
72660628
72644901
72663416
72664988
72635651
72661740
72630080
72628592
72622705
72614374
72631535
72656734
72673633
72671481
72669288
72660846
72647616
72667545
72660606
72647468
72660830
72669639
72665427
72635189
72636588
72683691
72659864
72663770
72664365
72662591
72662240
72652102
72633762
71846359
72684708
72691043
72698133
72695085
72687009
72688951
72689481
72693957
72691570
72693452
72669687
72690067
72628013
72668657
72682460
72685154
72682441
72684069
72683530
72693369
72699805
72687230
72689396
72700055
72685592
72590377
72710257
72691197
72692322
72709907
72673581
72687406
72682914
72686824
72712175
72684627
72530126
72688931
72700418
72691058
72688241
72694701
72691655
72693238
72706692
72707640
